24994.0
3317.0
47.0
3904.0
1677853.0
303020.0
463423.0
50.0
10904.0
184.0
6226192.0
6484840.0
2405420.0
13267269.0
139740.0
10129.0
1584.0
794424.0
13833443.0
330.0
17573.0
257947.0
182399.0
575800.0
128963.0
8256.0
162145.0
217720.0
788811.0
6428.0
4026.0
7704.0
1134.0
14539.0
108522.0
255000.0
412.0
180983.0
183988.0
78.0
17169222.0
3282.0
218.0
10902.0
29841.0
27788.0
236162.0
608.0
1843.0
974869.0
1751.0
93.0
217677.0
105.0
81713.0
177450.0
3421391.0
1044.0
724544.0
13071.0
17157.0
511.0
134255.0
561.0
3473.0
131.0
12843.0
1053943.0
2106743.0
780.0
567094.0
317.0
949914.0
19027.0
163.0
5692.0
1459217.0
391.0
208436.0
111882.0
1769.0
170004.0
2861.0
82.0
81534.0
1207258.0
179805.0
21685.0
82435.0
43902.0
39572217.0
50797.0
135.0
407980.0
7461.0
303022.0
250.0
1148426.0
40592.0
97206.0
616.0
3287068.0
31848.0
968471.0
17.0
1745371.0
3478.0
118412.0
818770.0
208018.0
1276183.0
1611.0
3646.0
216824.0
74172.0
53788.0
110.0
1151928.0
303759.0
710320.0
829912.0
70241.0
1262.0
49449.0
77.0
599.0
3790.0
280305.0
907521.0
79365.0
17867.0
870.0
269617.0
1127223.0
15833.0
187996.0
129436.0
413957.0
6593.0
133.0
928404.0
392.0
1458010.0
7471234.0
3622404.0
101.0
54038.0
13667.0
1108.0
29689.0
161.0
112964.0
253837.0
78.0
110.0
1033.0
16797.0
56215.0
24255.0
51.0
440776.0
296056.0
3250.0
56841.0
190225.0
317.0
107064.0
2292.0
139727.0
47216.0
9010.0
529.0
14002.0
2318.0
69783.0
5355.0
107.0
106.0
230766.0
79522.0
3848.0
986076.0
95616.0
96533.0
628.0
266109.0
775185.0
46970.0
764.0
131544.0
643.0
11953.0
2388543.0
11694.0
28805.0
40090764.0
40.0
3579.0
6202949.0
473052.0
2516572.0
52.0
953663.0
61177.0
472.0
298798.0
32422.0
359120.0
40.0
800873.0
2118326.0
9616.0
73655.0
208853.0
25.0
655488.0
755.0
1818.0
48014.0
916.0
69275.0
1407888.0
56305.0
365597.0
116129.0
2708.0
745716.0
86.0
122.0
7932176.0
94787.0
1227.0
384738.0
213873.0
74987.0
81236.0
2974.0
500.0
337041.0
4055.0
1791.0
144.0
42.0
2043619.0
12982.0
12635.0
7665.0
19531.0
49440.0
201185.0
7252.0
360.0
547346.0
4893.0
57498.0
18295.0
348.0
13699.0
472.0
18919.0
41555.0
93.0
456.0
16363.0
3253.0
4110499.0
36067.0
2966.0
1644352.0
409.0
90449.0
131.0
1110.0
223.0
194146.0
449807.0
3223.0
171.0
29379.0
45873.0
2768.0
336914.0
21888.0
2178028.0
22263608.0
477.0
70145.0
208665.0
923839.0
567.0
400135.0
5383831.0
613099.0
10123378.0
104.0
3546815.0
116094.0
1124325.0
3483.0
42.0
2091.0
169.0
437296.0
55325.0
97927.0
33220.0
98303.0
6867.0
21662.0
120911249.0
26215327.0
222.0
1620.0
915773.0
336956.0
163831.0
2094914.0
169.0
1553242.0
270.0
7321.0
15607.0
1427.0
33.0
57302.0
147203.0
779261.0
4978.0
77.0
3348305.0
312169.0
1181.0
60390.0
552.0
36358.0
50.0
36.0
1818388.0
173362.0
4278.0
2285.0
268.0
294.0
3983.0
289.0
39.0
950.0
2608.0
43.0
101350.0
2528.0
647626.0
86.0
33743.0
132220.0
102.0
3135960.0
144.0
373557.0
230011.0
4661233.0
45.0
57212.0
62.0
1517773.0
1796.0
8460.0
1657937.0
723754.0
2795948.0
130.0
79542.0
52.0
1724.0
79793.0
36.0
198613.0
1496.0
61019.0
1246351.0
42726.0
669318.0
7238.0
13982.0
46.0
2131.0
3769.0
22979.0
1365.0
62857.0
156980.0
19867.0
4929.0
293194.0
386.0
515215.0
17032.0
55538.0
5492.0
1269.0
17813.0
71.0
87198.0
186367.0
44909.0
132852.0
1445.0
57.0
14054.0
104.0
1442.0
200.0
28196.0
233.0
10628.0
56277.0
17554268.0
668.0
109828.0
156.0
20880.0
318.0
3799.0
652180.0
2101955.0
36933.0
7281.0
4813.0
248974.0
80256.0
36800.0
214358.0
19185.0
5496.0
1250.0
4317319.0
107.0
19030.0
401378.0
23135.0
656.0
7557.0
3253.0
2800.0
10212.0
12.0
2276.0
221.0
72795.0
701285.0
8075.0
19211.0
177.0
1568.0
5239531.0
2830.0
138710.0
49384.0
128.0
283736.0
23664.0
63407.0
23611.0
1271028.0
22098.0
1719.0
389.0
556.0
298.0
2920588.0
1205.0
4706.0
82.0
921.0
98653.0
148108.0
65.0
66351.0
682743.0
33888.0
2154.0
559.0
386288.0
275786.0
791.0
2969.0
161067.0
35604.0
88792.0
127750.0
188362.0
141137.0
2543298.0
35108.0
657750.0
198601.0
78.0
667345.0
51043.0
125969.0
139299.0
107222.0
32853.0
10960098.0
1760898.0
135.0
8292.0
174344.0
333.0
18990.0
25170.0
412.0
66.0
766514.0
505988.0
20380631.0
277789.0
5168.0
14.0
54.0
243175.0
72899.0
11396.0
480.0
1602.0
175.0
100.0
99519.0
321610.0
134522.0
2653462.0
55883.0
7924.0
218477.0
64766.0
1216.0
49378.0
215495.0
461328.0
382.0
626.0
18624.0
749851.0
1586.0
12.0
809.0
74.0
116.0
13769386.0
6392.0
3676.0
243941.0
281.0
200784.0
61428.0
109.0
25419.0
1914.0
58560.0
31.0
138854.0
492312.0
14150.0
133032.0
85035775.0
144748.0
19068.0
40.0
178186.0
1134043.0
1132.0
4025499.0
34501.0
1421.0
1023978.0
203004.0
7528344.0
60589.0
3686.0
520017.0
1068.0
195153.0
4608.0
865.0
22375.0
89267.0
268579.0
4859.0
34377.0
282756.0
37787.0
661.0
806.0
1294.0
328.0
586883.0
275.0
2815.0
428.0
57.0
3073689.0
12694.0
28.0
251373.0
2188151.0
3211.0
1157574.0
149.0
523916.0
422.0
19151.0
56097.0
802624.0
8386.0
4248.0
2210295.0
55231.0
593653.0
9172.0
54894.0
2262.0
1908.0
2255.0
97695.0
1260.0
75.0
252184.0
2102849.0
1287983.0
385.0
769.0
136945.0
1098.0
660856.0
2114.0
467.0
26507.0
20722.0
10559490.0
369.0
33417.0
201023.0
285818.0
2012768.0
3172.0
6829663.0
2034480.0
19634.0
205.0
22904.0
67.0
49623.0
4407609.0
329170.0
74.0
617851.0
18947.0
3404.0
2691.0
4645675.0
327.0
98568.0
158962.0
732.0
281.0
13392.0
2525373.0
15380.0
12017.0
25957.0
790036.0
1875181.0
148767.0
530919.0
6051.0
296104.0
92524.0
93641.0
17206.0
56.0
60709.0
150.0
9540.0
11581.0
6044.0
7384.0
1048.0
620.0
60.0
165715.0
1509.0
5582499.0
81241.0
138012.0
993.0
1109378.0
9806.0
560.0
36796.0
90.0
928937.0
47274.0
40124.0
142904.0
690.0
227.0
2992632.0
26124089.0
322861.0
116786.0
7492.0
197369.0
60546.0
36574.0
54.0
1592.0
138129.0
467350.0
110863.0
299988.0
9571.0
1882551.0
136576.0
618752.0
1209936.0
11934.0
1076814.0
1373.0
137781.0
281.0
31013.0
900.0
504.0
25936.0
4258695.0
15702.0
4621.0
32.0
252.0
222369.0
384331.0
23838.0
1169.0
83481.0
37202.0
23307.0
643771.0
771473.0
92.0
55835.0
42926.0
40308.0
48.0
64281.0
149.0
182.0
12859.0
4199.0
311185.0
468393.0
1134.0
283139.0
1401850.0
260765.0
317392.0
153805.0
10100.0
17773.0
16854.0
450126.0
99704.0
31908.0
345270.0
123224.0
183313.0
201643.0
5666.0
58.0
8043.0
32793.0
174647.0
6514.0
416.0
1247.0
163365.0
6684.0
285.0
381.0
64.0
1726.0
293.0
149.0
4311.0
849.0
409.0
11728.0
1048.0
2866.0
3055425.0
48501.0
201014.0
86.0
187.0
5174.0
446.0
17717.0
350.0
793.0
89373.0
60943.0
12603.0
631.0
4624.0
1232607.0
689974.0
283.0
155055.0
827.0
52250.0
197379.0
337174.0
924.0
72682.0
577.0
2660.0
234.0
8323.0
647.0
807.0
138.0
91872.0
208.0
8666.0
1355.0
5959.0
110.0
19867.0
70684.0
80750.0
3332.0
24493.0
35.0
10162.0
220856.0
1574.0
57983.0
12457.0
649.0
238.0
2376741.0
203.0
1833.0
32407.0
31092.0
7207508.0
105890.0
396688.0
3757227.0
18.0
128036.0
267838.0
143873.0
607.0
1022223.0
10599416.0
3402075.0
859.0
254.0
207615.0
35987.0
324501.0
65.0
12863988.0
41.0
443.0
1061.0
1551.0
139276.0
63.0
2000331.0
7347.0
26.0
13322.0
341.0
136846.0
7693.0
1769.0
110032.0
7926.0
3623.0
193959.0
2054.0
8507.0
20.0
41.0
7663362.0
2639.0
20007.0
2355.0
384785.0
22597324.0
10481021.0
19671.0
4132.0
2467694.0
52.0
1320.0
125.0
209769.0
62542.0
3081828.0
2042587.0
41547.0
63076.0
863.0
26621.0
703.0
10055578.0
20254.0
40617.0
173151.0
14810545.0
11737.0
426.0
9657.0
282.0
10735.0
9176.0
6581.0
353430.0
658197.0
2538915.0
58713.0
848.0
10437.0
9502968.0
1057.0
485985.0
118807.0
989.0
2810.0
1943.0
748.0
37251.0
100163.0
15705.0
1047.0
1954.0
650491.0
15732.0
153.0
1071.0
240525.0
74268.0
1107.0
562.0
196308.0
1048.0
235704.0
2102.0
709464.0
547.0
1181.0
640938.0
16016.0
83182.0
5507.0
127.0
21.0
177245.0
75754.0
107.0
1026.0
36074.0
850341.0
6935.0
2038278.0
969695.0
68220.0
499242.0
3829.0
397145.0
334.0
1736636.0
72383.0
20959123.0
76.0
5249.0
4031.0
4788.0
3137.0
3802453.0
46.0
14077.0
29703.0
7917.0
122.0
387854.0
2084481.0
5058.0
17831.0
479189.0
18627479.0
128.0
501901.0
9774.0
2239.0
834.0
9476.0
41578.0
124.0
4667573.0
8513.0
439.0
30888.0
1739.0
354040.0
683.0
27939.0
161.0
652236.0
248479.0
187.0
37756.0
12508.0
60299.0
196.0
195735.0
493105.0
9864.0
821086.0
5549.0
122884.0
56355.0
294.0
4552.0
215454.0
6082.0
1677.0
43345.0
805.0
60850.0
855826.0
1375596.0
82.0
181954.0
669456.0
34.0
9775.0
55837.0
5117.0
46652.0
4073.0
2630043.0
20194.0
261049.0
205801.0
487316.0
59127.0
26592.0
3199245.0
164.0
868.0
30558.0
142826.0
7415.0
7118.0
193374.0
162521.0
394065.0
243572.0
5520.0
1161441.0
34373.0
20403.0
1900810.0
4507.0
14736.0
104.0
38112.0
21684.0
280362.0
1370.0
18749.0
214662.0
521.0
249163.0
343366.0
77791.0
362519.0
175.0
372248.0
32826805.0
12107.0
22917.0
1357.0
9437031.0
115.0
541903.0
10968.0
550278.0
2858.0
2184.0
202838.0
196.0
2490352.0
613.0
57.0
161763.0
2571387.0
585325.0
3827883.0
113494.0
15784.0
333.0
524.0
290585.0
1107.0
2609196.0
11380750.0
756942.0
692.0
59727.0
2377616.0
6572592.0
48884.0
15592.0
6365494.0
1723318.0
108215.0
7094348.0
37651.0
63.0
2119.0
113.0
682.0
97805.0
263.0
450436.0
5619.0
517435.0
132369.0
4024394.0
111374.0
4497.0
6940.0
672847.0
1644.0
1055941.0
15196.0
146.0
28453.0
210.0
195143.0
2964792.0
23337890.0
247625.0
275846.0
1480.0
1876.0
43942.0
227384.0
251629.0
62.0
48228.0
95.0
12575.0
5100.0
459610.0
205028.0
7079055.0
125475.0
1107828.0
91890.0
237.0
900790.0
11016.0
11805.0
34210.0
2719033.0
17344.0
2474.0
32900.0
722977.0
3936.0
2002.0
16964.0
207485.0
363.0
5995.0
166851.0
6838.0
4414.0
3349200.0
2527671.0
105292.0
26505.0
1142.0
310.0
300423.0
286.0
26063.0
6642.0
316438.0
123546.0
51917.0
1113.0
172.0
23402.0
328.0
728498.0
2109.0
131.0
532324.0
242515.0
544.0
530.0
270781.0
2738.0
8394.0
96.0
941.0
84469.0
36.0
936.0
579730.0
534.0
1561.0
14924.0
97359.0
23.0
450.0
2284.0
19302.0
4106233.0
576.0
3397.0
2414.0
598338.0
19138.0
191.0
341.0
123153.0
1188816.0
39074.0
2729.0
17843.0
4839.0
143645.0
1139.0
705.0
9425.0
198.0
162245.0
89.0
304783.0
384.0
37.0
51959.0
248557.0
5208.0
2750553.0
6059866.0
2553023.0
884.0
1168417.0
3912.0
78.0
65968.0
326.0
870494.0
1493165.0
191400.0
5466.0
444358.0
262.0
492086.0
3150.0
1120.0
69855.0
177033.0
799083.0
15626.0
8199.0
6640799.0
275530.0
16285.0
1101.0
4505.0
475385.0
25436.0
250.0
918.0
458651.0
441415.0
3800.0
4551770.0
174.0
160.0
218670.0
149529.0
496549.0
6568.0
551.0
8016183.0
3365.0
85.0
21380.0
36027.0
197.0
1116877.0
511.0
41675.0
4281.0
119.0
11257.0
3889331.0
3896.0
410229.0
746.0
210816.0
139883.0
75.0
7602.0
8669189.0
130128.0
989376.0
12444.0
780.0
175.0
6906.0
502211.0
4564.0
8001698.0
713.0
72.0
439698.0
257.0
58.0
2206467.0
1131.0
368627.0
7693.0
152092.0
660134.0
1951872.0
252193.0
2096.0
1087126.0
39.0
5801.0
154.0
277266.0
3679.0
9.0
8306.0
17978.0
99.0
314244.0
40096.0
410.0
81987.0
121.0
346205.0
27559.0
222659.0
106992.0
221.0
393.0
2058.0
285.0
147497.0
1739.0
34714.0
275537.0
8245.0
571534.0
108923.0
1152.0
326.0
1319.0
77724.0
7498.0
313.0
9560452.0
92592.0
40654.0
41107.0
490664.0
8342.0
41498867.0
428.0
12033.0
499.0
496254.0
295.0
4173736.0
245.0
128673.0
78.0
594.0
408.0
30.0
12216.0
437.0
2694066.0
64.0
146.0
5867.0
22.0
9505.0
108666.0
7243.0
124132.0
88442.0
1612.0
12056.0
1324951.0
2181.0
1884.0
74000.0
1509.0
8710.0
2055.0
112150.0
56.0
13283930.0
121.0
14266.0
202413.0
693528.0
1064.0
189.0
5233.0
778.0
1214.0
2216.0
34996.0
153.0
228474.0
133.0
1438677.0
1305907.0
291818.0
1847827.0
286688.0
83.0
2890298.0
95534.0
2928186.0
162161.0
182.0
790.0
80512.0
17261.0
41950.0
66.0
12741.0
202647.0
295.0
196472.0
917.0
755.0
288.0
71353.0
2060040.0
54.0
236.0
146458.0
3209120.0
900.0
1165.0
375205.0
6168.0
5029.0
129075.0
199622.0
28899399.0
41147.0
402384.0
9011.0
1571122.0
389856.0
10274.0
64823.0
1655682.0
87275.0
21.0
1070741.0
103.0
709.0
6805.0
2168.0
52382.0
444471.0
49037.0
7895551.0
18542.0
46298.0
430983.0
542266.0
2360.0
526605.0
18873.0
101.0
160992.0
444.0
136.0
58178.0
22747.0
180.0
206152.0
80734.0
37162.0
3194.0
17426.0
259727.0
5466.0
9137.0
359.0
1136128.0
51.0
87241.0
98238.0
70376.0
1693.0
6125.0
9138.0
6350.0
7530.0
8621321.0
94.0
1139858.0
277.0
104998.0
573.0
266.0
1392863.0
125675.0
43617.0
99.0
10299.0
1061.0
2901.0
837126.0
81220.0
103.0
60982.0
696.0
91694.0
1617.0
7791.0
3004.0
239072.0
2346698.0
569.0
76765.0
11364678.0
111.0
1503320.0
536044.0
12619.0
99578.0
259717.0
106045.0
5327.0
89348.0
118.0
775.0
99653.0
63630.0
97.0
6840.0
232143.0
858777.0
140879.0
8924.0
125054.0
218487.0
50324.0
2321962.0
312622.0
275466.0
111.0
17015.0
105318.0
503351.0
194.0
41121.0
67019.0
342733.0
835071.0
6117.0
33069.0
1044.0
697.0
1373363.0
1033.0
360900.0
14975.0
35.0
312596.0
1796.0
17163.0
149.0
29282.0
9876.0
491942.0
207.0
1185033.0
109315.0
919.0
45466.0
253538.0
4462.0
20426.0
369.0
196.0
3249.0
128.0
268202.0
6324521.0
10879.0
4257.0
1449.0
172973.0
883.0
1721.0
44.0
283.0
73603.0
3015.0
12981.0
2583738.0
3743.0
122.0
348608.0
84031.0
444036.0
174833.0
10014.0
6276.0
2027671.0
688604.0
227861.0
15097.0
4003.0
69.0
272.0
958824.0
7180.0
1270.0
1103.0
188.0
142877.0
4718.0
1849.0
254735.0
337.0
889.0
724833.0
4441808.0
3972528.0
17905.0
32464.0
158593.0
214752.0
334.0
2858852.0
784051.0
209.0
14985286.0
166948.0
244.0
448633.0
182.0
2366468.0
2210.0
2475683.0
637.0
8816.0
32949.0
610018.0
33368.0
788986.0
257254.0
8216.0
915.0
137816.0
14176.0
722148.0
1236.0
2071.0
4329489.0
1067.0
79.0
917699.0
70957.0
262519.0
128.0
2255.0
862.0
55666.0
498.0
11041377.0
15634.0
278736.0
2097.0
771596.0
69.0
1130.0
695268.0
478933.0
65541.0
390952.0
3540.0
7315.0
5554.0
936091.0
514948.0
127561.0
336.0
135730.0
1760.0
116.0
436168.0
12397540.0
6572.0
703.0
560.0
156252.0
8148.0
265553.0
7479.0
822.0
52.0
91592.0
616.0
178280.0
30162.0
1414.0
10228.0
659635.0
138811.0
13975.0
186.0
159667.0
140672.0
788509.0
148245.0
888920.0
1136201.0
7128.0
1574.0
13732.0
406.0
23768.0
7431066.0
147771.0
1923798.0
779.0
264.0
2372.0
58474.0
10445.0
29528.0
131692.0
236.0
210.0
1755.0
5036.0
89219.0
102366.0
9279.0
16.0
37.0
67233.0
445795.0
5925512.0
13374.0
4307208.0
8168.0
3004.0
27039.0
212188.0
13733.0
150.0
1859.0
692.0
263565.0
1032804.0
72.0
29.0
1556541.0
1312.0
26870.0
4760394.0
747308.0
218022.0
72.0
738.0
294672.0
473270.0
960.0
18.0
337931.0
374.0
543854.0
4737.0
98298.0
2701.0
8639007.0
21.0
2395626.0
256.0
868.0
732.0
11600.0
341.0
859998.0
325765.0
929.0
1019263.0
1900115.0
26.0
1661.0
8271.0
210252.0
174038.0
20549.0
6802152.0
178.0
46639.0
14.0
52258.0
5960.0
120256.0
945.0
4230650.0
4676.0
164.0
135313.0
115525.0
6036.0
2329368.0
271.0
336929.0
238.0
7013.0
1110.0
796763.0
254726.0
1922.0
142.0
2014835.0
932.0
174424.0
396720.0
32663.0
1984760.0
23415.0
85973.0
1072485.0
4132.0
633432.0
13652399.0
1959.0
1066.0
103658.0
133986.0
139871.0
239862.0
304442.0
1397.0
19128934.0
1312.0
102.0
1203.0
7340830.0
10241.0
716500.0
12146.0
591591.0
139.0
37746.0
684401.0
24.0
455895.0
20391.0
318.0
333.0
202952.0
54121.0
50709.0
7.0
56795.0
894172.0
5868.0
84073.0
257.0
6331684.0
455869.0
20287.0
898719.0
4794731.0
1949384.0
49659.0
156.0
300072.0
951.0
287.0
512.0
6320.0
2885957.0
191649.0
124860.0
71.0
85360.0
196.0
45.0
18161.0
183829.0
441990.0
1837.0
785250.0
503.0
20998.0
932037.0
68472.0
21.0
33555.0
31.0
681.0
522.0
1130920.0
4104.0
3704.0
484989.0
125714.0
390634.0
148.0
5405.0
2080.0
1212.0
24717.0
14164.0
585996.0
6408.0
1530.0
116647.0
39363.0
9009.0
6119.0
3989810.0
3950519.0
759.0
136745.0
1889445.0
3117.0
4167274.0
42.0
638.0
17462.0
92352.0
51.0
349477.0
1167.0
53365.0
1208.0
180.0
200382.0
431375.0
3981105.0
866338.0
862.0
12405.0
323331.0
12061.0
651.0
11263.0
3906.0
903.0
88213.0
89659.0
1093584.0
1023264.0
21067.0
28707.0
877429.0
5400.0
7098.0
248851.0
638586.0
107317.0
3277.0
1123.0
169303.0
256.0
82853.0
56486.0
235687.0
34.0
13640.0
409.0
2620844.0
351963.0
168717.0
2990954.0
2399.0
2183.0
2429100.0
107251.0
5253.0
61576.0
18765.0
13508.0
271987.0
23452.0
122462.0
18972.0
181253.0
3450943.0
7602.0
1472456.0
1438995.0
104639.0
29615.0
4510000.0
218256.0
31.0
91984.0
285484.0
7066.0
302048.0
363661.0
805412.0
87.0
121601.0
505342.0
5174.0
54.0
422704.0
5558924.0
15996.0
2323.0
275578.0
11014.0
1277.0
2141614.0
444781.0
2175.0
110741.0
595.0
12873.0
928.0
195524.0
427.0
17.0
2283025.0
9848.0
4607.0
9566.0
209.0
307.0
650.0
852.0
392815.0
6082.0
4449.0
17245.0
1964486.0
4559.0
517.0
1361.0
64.0
6836.0
37299.0
278.0
108.0
102972.0
719.0
939.0
176927.0
404389.0
216.0
8709423.0
61771.0
981.0
952765.0
940.0
486.0
250182.0
210967.0
462.0
2355.0
424873.0
62.0
280.0
4776.0
7752.0
1902169.0
293001.0
30406.0
764.0
204150.0
68.0
10892.0
21745.0
15582.0
31763.0
627118.0
127715.0
570.0
525256.0
9445.0
200.0
312833.0
355627.0
201526.0
458594.0
6157943.0
86897.0
2844.0
32925.0
172.0
11282070.0
68622.0
1085407.0
74380.0
26687.0
430010.0
3918.0
2315.0
65148.0
15030.0
101303.0
842.0
4252069.0
555311.0
4357.0
766.0
59.0
54354.0
76.0
3151762.0
461.0
707.0
8941.0
3595635.0
2047.0
5386.0
124233.0
13960.0
150.0
475.0
220654.0
1702.0
1145.0
8700.0
499.0
5404111.0
9397.0
2792109.0
1009821.0
1938427.0
453.0
182999.0
5244.0
17220.0
747598.0
2803336.0
18745.0
4041.0
45.0
94407.0
1585.0
663.0
30671290.0
817431.0
3537578.0
6677513.0
1708.0
7292.0
93.0
24087.0
163913.0
2472389.0
159425.0
40617.0
284.0
358329.0
248.0
491442.0
1002063.0
3566968.0
11116.0
126690.0
2743374.0
146244.0
8.0
2406516.0
241.0
149.0
3169.0
2181.0
195185.0
168.0
46.0
93818.0
37071.0
8626.0
2984.0
107491.0
50374.0
361545.0
7915.0
45332.0
346744.0
19393.0
5272.0
118364.0
2390.0
138.0
525.0
333.0
517845.0
44.0
27.0
176297.0
818775.0
898463.0
442580.0
87991.0
42928.0
213.0
4132937.0
92794.0
31345.0
26125.0
76.0
9953.0
132410.0
641.0
275533.0
1770471.0
86483.0
461300.0
141283.0
74.0
6125.0
415.0
299441.0
29.0
9825352.0
169.0
81.0
137166.0
8245.0
2194.0
1448.0
382.0
406.0
3454.0
5306.0
2067.0
83936.0
858.0
582080.0
164.0
78.0
191600.0
7701.0
382.0
81.0
108301.0
62.0
3047476.0
427.0
95586.0
70481.0
24650.0
278555.0
2624303.0
1393162.0
73443.0
29264.0
5397.0
134215.0
11118.0
568340.0
104.0
409.0
1393.0
2864.0
97.0
2228786.0
9596.0
155734.0
386.0
983080.0
47446966.0
248.0
23.0
613791.0
791.0
168.0
268.0
1476610.0
589.0
414.0
40.0
229221.0
24012.0
37861604.0
923598.0
2412.0
91520.0
817098.0
265938.0
2492.0
477.0
2714.0
32256794.0
223866.0
5886380.0
614.0
199847.0
680.0
102527.0
24858.0
322.0
5340.0
1245085.0
67.0
11307.0
652165.0
2462046.0
101028.0
242054.0
422940.0
23028023.0
8443.0
92.0
54130.0
2724.0
22077.0
16125043.0
2223909.0
1118907.0
15.0
164.0
421977.0
439624.0
85.0
688139.0
355.0
178.0
604138.0
1902889.0
29187.0
520040.0
2055866.0
691420.0
41.0
714.0
273331.0
13655.0
6215172.0
2094.0
34929.0
1204326.0
704444.0
29425.0
107.0
1393.0
860.0
265.0
32805.0
5900762.0
120000.0
1495.0
246.0
2183.0
7139.0
972.0
129634.0
1557.0
37717.0
48496.0
23413.0
2359.0
313528.0
41511.0
81.0
95148.0
232873.0
16793.0
604938.0
68356.0
35.0
279.0
1805.0
332138.0
281853.0
1119560.0
225.0
1130.0
269416.0
4232.0
1622.0
20017.0
270.0
44172.0
94266.0
43132.0
112648.0
57.0
26510943.0
133167.0
1929.0
43876.0
296735.0
1652.0
1266871.0
1353.0
6956.0
552.0
988.0
59.0
7096.0
438.0
18.0
156.0
1126.0
4245970.0
4164.0
18032.0
1278087.0
182116.0
27594.0
565943.0
1165.0
3795173.0
136.0
291.0
869711.0
98431.0
566.0
141.0
1228096.0
509.0
53573.0
1052.0
214095.0
2021982.0
42968.0
2050.0
317.0
173392.0
584.0
4244.0
234276.0
47249.0
389515.0
3405.0
82.0
87547.0
784.0
48961.0
76128.0
9893.0
33.0
29251.0
22749.0
5355.0
152729.0
4130.0
123017.0
32863.0
5.0
15.0
5171.0
1130.0
643.0
83936.0
1181262.0
169.0
4161747.0
53779.0
290560.0
37.0
931264.0
103.0
10114.0
85097.0
225.0
915735.0
1046.0
1164307.0
2012.0
16031.0
40470507.0
119.0
276096.0
123290.0
2329920.0
173194.0
101993.0
927.0
2105619.0
2036.0
3420.0
754.0
143577.0
186954.0
87.0
31327625.0
358923.0
32964.0
213.0
65873.0
442847.0
34.0
247276.0
651636.0
792811.0
170835.0
284.0
55743.0
25939.0
88968.0
13706.0
571.0
461921.0
1224543.0
62741.0
25.0
236968.0
59983.0
280051.0
105690.0
22.0
127882.0
55426.0
231276.0
667734.0
24.0
117963.0
2718046.0
104233.0
47426.0
327581.0
26465.0
6744.0
6678.0
129.0
4044.0
400.0
32.0
862301.0
784802.0
1948.0
4160783.0
9942.0
6384.0
1589.0
112203.0
176.0
13168.0
547980.0
687561.0
11674.0
1135.0
1458.0
20147.0
19863.0
216.0
1443541.0
25351.0
1146125.0
4068.0
484.0
2301.0
8947.0
444635.0
821.0
149470.0
120.0
224891.0
16703.0
29053.0
1136.0
9855.0
2986.0
628.0
128.0
27635.0
2027.0
66420.0
246.0
2137.0
24475.0
71.0
2097524.0
43299.0
723137.0
14547.0
14935.0
520.0
110551.0
4933.0
29082957.0
2999573.0
3212960.0
1364.0
6317.0
116.0
129.0
3106.0
536582.0
94511.0
52239.0
8437.0
771274.0
156392.0
4591.0
108590.0
4266545.0
136.0
657100.0
16455479.0
11871024.0
20227462.0
171241.0
13075.0
293485.0
237452.0
3608.0
26486.0
69609.0
546.0
1938.0
439688.0
116.0
556382.0
81542.0
332.0
5128.0
700200.0
588757.0
101965.0
145.0
114281756.0
3828.0
301702.0
18028.0
1401.0
339638.0
258215.0
115612.0
6454.0
8831199.0
2296252.0
268660.0
29598.0
183589.0
43260.0
1643.0
2152.0
59738.0
56437.0
83790.0
4593.0
109.0
921.0
7662463.0
384.0
1157.0
10489.0
66486.0
777308.0
18758.0
16014.0
125.0
715.0
3223.0
1224.0
3502254.0
645.0
2696786.0
2542.0
4158.0
403310.0
30341.0
332.0
111.0
501382.0
154.0
91.0
101.0
490.0
12799.0
523.0
57330.0
5246.0
119.0
158.0
27133.0
461.0
884717.0
3540519.0
2033950.0
6469.0
121.0
38819.0
306.0
106496835.0
245493.0
85707.0
167904.0
212.0
58890.0
1827.0
51376.0
23.0
3876.0
7324.0
1238.0
28.0
4120.0
467225.0
1419.0
140917.0
3373571.0
9655.0
298.0
257686.0
711881.0
5978.0
78117.0
6639.0
37694.0
73570.0
546447.0
7579.0
51.0
1930.0
5868959.0
6492869.0
2834.0
50.0
63754.0
1028482.0
26.0
69546.0
44460.0
578.0
64.0
80.0
158034.0
1844.0
14484.0
301550.0
1272.0
95227.0
5681465.0
46982.0
98.0
162.0
3622.0
852.0
6281.0
239362.0
2445730.0
14798726.0
41215.0
61637.0
2919.0
493557.0
1497.0
216534.0
326844.0
17030.0
47660.0
16984.0
415.0
40568.0
12178261.0
345341.0
192023.0
74701.0
241046.0
3865841.0
218816.0
1542.0
7436.0
33.0
2528.0
716.0
2473.0
7706183.0
33.0
7304.0
1831.0
486097.0
820462.0
1457.0
21557.0
634138.0
17.0
700.0
358502.0
289937.0
120.0
306.0
794931.0
1562.0
4200.0
3349.0
2020553.0
1983737.0
17701.0
816133.0
252.0
414.0
47.0
659.0
12114.0
6771.0
784.0
1530340.0
120.0
1354158.0
9766.0
156.0
192.0
1095314.0
9574.0
95094.0
24.0
16679.0
3429.0
1791.0
129771.0
3057.0
184828.0
2940.0
91750.0
43.0
177059.0
198488.0
2093528.0
1014.0
81.0
371.0
2920885.0
236264.0
270.0
4701875.0
6928.0
4010.0
1590.0
259.0
1102052.0
772095.0
60909.0
256549.0
96529.0
944281.0
3429101.0
259.0
73.0
41372.0
668502.0
97756.0
3417.0
779.0
246819.0
41135.0
1270358.0
126.0
661411.0
10540.0
52.0
243684.0
1063.0
31772.0
376.0
818.0
6153394.0
305843.0
99134.0
1205.0
57.0
27530.0
951.0
3420646.0
1003483.0
1249151.0
801253.0
329734.0
519162.0
954282.0
60952.0
1143732.0
2263.0
3804.0
90676.0
983776.0
2134.0
140402.0
1978.0
40984.0
2335401.0
15017.0
202429.0
127.0
96412.0
493.0
527806.0
2910544.0
1067.0
1251931.0
14655.0
12864.0
93237.0
4818.0
2164.0
8344.0
242.0
21822.0
14982.0
93.0
48649.0
236.0
28177.0
242494.0
314881.0
451.0
323448.0
7058360.0
277221.0
912258.0
1609.0
668.0
46.0
788.0
2568.0
3514.0
460262.0
25034.0
6065856.0
123950.0
10728959.0
742999.0
39292.0
206484.0
121918.0
23822.0
56.0
2156.0
155337.0
631.0
237.0
1496444.0
111.0
210290.0
779413.0
2309.0
4088486.0
7351.0
3242.0
499953.0
950945.0
188.0
396.0
10464.0
140110.0
554.0
207.0
161.0
67911.0
215.0
40791.0
1311192.0
763.0
14.0
213080.0
6395912.0
38827.0
1991.0
400.0
355342.0
67.0
220.0
52457.0
14699.0
5727071.0
49068.0
1599.0
371.0
231340.0
50715.0
308729.0
122251.0
35713.0
489359.0
1254.0
539714.0
206.0
950.0
61009.0
27.0
746003.0
94.0
79.0
1638200.0
2222.0
131628.0
1243.0
43.0
1483.0
34138.0
267156.0
6447.0
83582.0
764.0
81963.0
93664.0
62755.0
78283.0
5743.0
199.0
7045.0
161.0
91501.0
62.0
45837.0
32615.0
39084.0
299199.0
7340218.0
452.0
10964.0
144597.0
53860.0
1065096.0
45.0
525.0
3159757.0
674848.0
77965.0
747569.0
13809.0
299318.0
1072.0
2168857.0
13733.0
145.0
12296.0
942.0
202088.0
18685.0
3044807.0
3281.0
66674.0
221.0
147035.0
383940.0
13381082.0
58652.0
341.0
528.0
3350.0
1540469.0
241254.0
376949.0
43168.0
137594.0
361.0
123062.0
1821.0
620810.0
90.0
135934.0
62421.0
245653.0
1488213.0
624.0
523.0
345775.0
27911.0
1193.0
889.0
204875.0
3035.0
233609.0
7096284.0
34.0
14552958.0
1415.0
144447.0
200218.0
1320971.0
363290.0
508.0
220381.0
8196.0
100517.0
1770.0
300647.0
10491.0
7213.0
31274.0
24779.0
895.0
41125.0
24285.0
72.0
168749.0
371.0
254.0
61927.0
21513.0
1491962.0
1325.0
206907.0
55.0
1635782.0
93447.0
1822.0
239.0
71.0
96279.0
115525.0
145.0
55357.0
110785.0
25041.0
1245936.0
698912.0
714.0
676708.0
19157.0
10500.0
386231.0
16390.0
298274.0
115189.0
46.0
59.0
1776656.0
14802512.0
36.0
166.0
207.0
69008.0
153.0
2948892.0
19233199.0
15643.0
482.0
18158.0
34982.0
1984.0
488.0
574512.0
302615.0
87085.0
357.0
226.0
9775.0
215045.0
127.0
176991.0
18908.0
153078.0
114093.0
1388.0
1497.0
476507.0
2907.0
306148.0
1840.0
349616.0
394695.0
872.0
42.0
1374.0
45404855.0
19.0
3897.0
445108.0
294183.0
2421.0
102038.0
46843.0
109433.0
1756.0
533.0
8347.0
11110.0
444354.0
3486.0
613301.0
511787.0
125886.0
21660.0
219.0
249464.0
291.0
3065.0
361.0
116402.0
12813.0
298.0
1068.0
831144.0
92200.0
3400.0
20305.0
3739.0
47.0
246.0
163.0
6775.0
89177.0
2638.0
248863.0
1076277.0
19796.0
73.0
1943422.0
11446.0
1288875.0
389.0
16041.0
107.0
77833.0
233966.0
1185.0
336.0
13840.0
7231570.0
2422.0
16932233.0
107.0
254126.0
12881.0
47.0
4571.0
2387752.0
254.0
15183.0
17904.0
626.0
3479749.0
561007.0
225789.0
4453720.0
78258.0
19001383.0
898.0
549249.0
494941.0
117.0
78765.0
2818095.0
25603.0
28543.0
47.0
413205.0
824.0
15215.0
29111.0
229965.0
13250.0
177721.0
338064.0
6600.0
419.0
362.0
856692.0
48137.0
22732.0
34.0
248187.0
336.0
668769.0
242574.0
373949.0
1213.0
1212237.0
218361.0
10215.0
1740.0
1080.0
166598.0
79366.0
430.0
66380.0
2931054.0
46162.0
947.0
105788.0
165.0
3643797.0
132577.0
3469419.0
1241.0
280.0
113125.0
12771.0
1329.0
188381.0
88486.0
93662.0
8000.0
143.0
291210.0
287.0
57539.0
3135.0
27458.0
12593759.0
80.0
1534.0
6275472.0
69873.0
1425422.0
649669.0
50114.0
124919.0
3451.0
543842.0
111908.0
739968.0
23052.0
87416.0
251.0
18850157.0
19613.0
51800.0
390.0
41782.0
210827.0
2332.0
9758.0
91.0
83.0
545.0
151.0
29.0
804.0
280057.0
595.0
142.0
7355.0
35643.0
292887.0
413.0
755.0
20412.0
518074.0
65560.0
287104.0
275272.0
2280.0
1645571.0
116107.0
13956.0
32882.0
367.0
1322473.0
1588.0
743856.0
5857.0
408095.0
5658.0
273001.0
972336.0
33509.0
847006.0
4716.0
567359.0
4273538.0
23182.0
103.0
7287.0
88.0
508137.0
3673973.0
134.0
31720.0
148994.0
20673.0
1815.0
193.0
287541.0
111.0
25377.0
613.0
2911.0
1013.0
92.0
2862017.0
3035.0
338926.0
560726.0
14785.0
439.0
103948.0
104.0
17.0
946409.0
164.0
41080.0
44371.0
103061.0
18425.0
739136.0
1887394.0
41670.0
75060.0
8362.0
2408421.0
10842.0
2294928.0
290.0
317701.0
5775.0
50568.0
52929.0
434.0
122599.0
644.0
50381.0
4458.0
741423.0
158.0
678.0
2150769.0
2193736.0
1069783.0
13906.0
2851.0
1418783.0
46676.0
267255.0
2113258.0
399.0
12870.0
87752.0
3144.0
671.0
480211.0
7138.0
561445.0
159306.0
98.0
1638.0
202.0
20650.0
502.0
558.0
2065.0
131243.0
1217.0
686.0
585792.0
946672.0
1402078.0
15506.0
134217.0
1134.0
337.0
55404.0
52758.0
31444.0
520.0
126124.0
1673.0
81144.0
1421120.0
1916.0
5581.0
8032.0
121590.0
948055.0
665432.0
431.0
88061.0
130.0
257665.0
2239128.0
3207.0
339791.0
4283.0
137158.0
209.0
854.0
331621.0
132004.0
65.0
185912.0
850467.0
382.0
718602.0
29394.0
20362.0
29240.0
519.0
572.0
170440.0
27391.0
2618.0
313.0
150168.0
5200451.0
797674.0
10316874.0
3572.0
153.0
2119781.0
461.0
277.0
4571367.0
14875.0
1008630.0
1429.0
2605.0
852705.0
119.0
200297.0
345479.0
10762.0
239.0
7702.0
1542.0
156300.0
148755.0
422.0
763.0
26691.0
5171.0
334.0
5410.0
97362.0
8296.0
348845.0
3442.0
1185.0
66.0
2042131.0
246756.0
903475.0
81613.0
50085.0
76765.0
1412.0
531323.0
748.0
7641.0
9227.0
179.0
96.0
27581.0
102523.0
4015.0
16994.0
704.0
89874.0
8239.0
386664.0
49778.0
2808705.0
1912.0
47533.0
82.0
13790.0
5685909.0
595.0
10937.0
570.0
644.0
93142.0
8411.0
2944.0
2453958.0
1119.0
90835.0
64043.0
3800.0
513.0
253121.0
16763030.0
40959.0
9924970.0
77.0
177.0
735.0
11551.0
216177.0
16514.0
104754.0
27877.0
63199.0
6921576.0
1069553.0
281.0
47375.0
545561.0
2733486.0
5020185.0
56.0
4857.0
116197.0
13251.0
11124.0
64307.0
232245.0
524.0
3174297.0
556005.0
279.0
497905.0
432395.0
1256464.0
28262.0
27.0
4891279.0
17743.0
451244.0
8406.0
163.0
1314.0
2975.0
241.0
123979.0
1505.0
102288.0
1610.0
368632.0
5101.0
1693.0
289307.0
774183.0
1443181.0
82.0
1216.0
6939.0
366419.0
1433451.0
32397.0
1758894.0
56.0
1551.0
130509.0
663.0
1797.0
534387.0
36.0
149.0
72168.0
248.0
454.0
167137.0
80.0
3963186.0
308900.0
3794.0
5917.0
143.0
328437.0
28780978.0
466.0
156479.0
896699.0
43915471.0
222.0
376.0
5258641.0
144531.0
75.0
851.0
464378.0
1661.0
32466.0
73.0
147.0
152035.0
93435.0
370817.0
18951.0
40717.0
58.0
146.0
537.0
9322.0
615835.0
455.0
15777.0
1100.0
110.0
5054.0
17631.0
14217.0
75999.0
2197522.0
1482726.0
475.0
151.0
39.0
61.0
178417.0
429.0
255575.0
339129.0
701152.0
9477.0
403.0
133.0
1279.0
86.0
18204.0
4083.0
17076.0
1675621.0
36265.0
1529.0
187137.0
288.0
3419.0
952.0
9255.0
7767.0
976444.0
91.0
39192.0
2134709.0
177.0
171258.0
198663.0
103675.0
24380.0
132.0
7043.0
724.0
52596.0
318283.0
48927.0
1973.0
88.0
225.0
158.0
355.0
220912.0
8992.0
45142.0
125497.0
45446927.0
43329.0
3218.0
5963205.0
187.0
57306.0
1158.0
20367.0
259905.0
38816.0
618306.0
80.0
865.0
2089.0
1853078.0
153964.0
473.0
61.0
258156.0
921606.0
174853.0
173414.0
121800.0
148914.0
3398857.0
50146.0
330.0
1310.0
1616.0
1016852.0
27494.0
60568.0
95187.0
25790.0
20837.0
270299.0
284414.0
682.0
12431.0
4001112.0
2995.0
103548.0
39.0
17219901.0
1830784.0
1626094.0
60896.0
89479.0
390258.0
1996.0
544013.0
179301.0
117655.0
19994.0
1193478.0
172236.0
2144886.0
193353.0
214328.0
173.0
420.0
440.0
71.0
46.0
105.0
125.0
68.0
8919.0
3075.0
1005.0
210.0
966378.0
331752.0
163.0
11463.0
1220711.0
7118.0
57088.0
2613.0
141556.0
469937.0
2238.0
156.0
186554.0
4578.0
567752.0
472210.0
566.0
590.0
5119.0
4179.0
482.0
3884838.0
10277253.0
520858.0
12840.0
20545.0
49633792.0
6130.0
236785.0
492919.0
806.0
29204.0
2355.0
283536.0
3274825.0
619638.0
110.0
29942.0
178355.0
5295334.0
504.0
110.0
84.0
51544.0
43556.0
401.0
923330.0
1064236.0
14.0
11001193.0
1058.0
621.0
420.0
46.0
776295.0
380164.0
188.0
10838.0
13960.0
653093.0
5028.0
2112.0
97.0
47812.0
95887.0
725195.0
1734.0
337847.0
115360.0
1712970.0
212607.0
108449.0
83.0
469385.0
601427.0
301.0
682606.0
7957.0
435895.0
1347100.0
298.0
2432.0
3573606.0
4998969.0
837.0
9752.0
3460.0
222.0
6733.0
11005045.0
349026.0
1505.0
3362.0
3222297.0
19674.0
4607.0
4052.0
15744.0
23513.0
423065.0
11694.0
248287.0
112573.0
24546.0
4274.0
359.0
556016.0
18181.0
295.0
2290701.0
483166.0
1988875.0
45772.0
1225755.0
1635.0
6921.0
34433.0
212238.0
252593.0
20498.0
12947.0
21438.0
16569.0
347.0
45674.0
45.0
672959.0
55629.0
195788.0
85.0
120311.0
1753.0
8024.0
1124912.0
38602.0
5107.0
477409.0
1471442.0
55.0
617.0
39344154.0
2796.0
144.0
317045.0
149.0
2281.0
7162.0
6938369.0
5464290.0
252.0
124865.0
1042.0
192823.0
603.0
16933469.0
113139.0
484315.0
4627.0
2527.0
46299.0
313.0
451.0
730.0
47.0
1003.0
20645.0
1672.0
947.0
69260.0
232220.0
508168.0
4191.0
71252.0
753737.0
2139.0
1340.0
2553.0
841.0
1726962.0
1619.0
34313.0
1365.0
474512.0
172.0
730540.0
112.0
5019.0
219.0
1351218.0
2935814.0
45.0
378.0
620542.0
6816.0
10292.0
135741.0
22032.0
262423.0
850067.0
175290.0
2063.0
8181.0
14491851.0
138.0
629.0
511.0
568.0
49926691.0
203.0
1625.0
193436.0
1510824.0
263732.0
113639.0
7754185.0
39.0
241.0
77699.0
1099003.0
501282.0
192.0
1061075.0
15012.0
613.0
1285.0
331425.0
479.0
1419189.0
1614572.0
2678.0
29253.0
1219.0
12517.0
92341.0
2301.0
82267.0
99936.0
2728.0
105.0
4967.0
64038.0
248.0
75815.0
5317.0
1290.0
193.0
402195.0
374441.0
5704204.0
600.0
909868.0
18.0
20842.0
4063.0
1298484.0
199394.0
132.0
1801.0
189.0
568021.0
249088.0
966177.0
1042561.0
117527.0
651.0
18620.0
64.0
51.0
149881.0
4653.0
42619.0
328582.0
222.0
290.0
829606.0
3101199.0
2841165.0
1507.0
176469.0
1909.0
4028.0
1971.0
1307214.0
874.0
84094.0
2024091.0
3566269.0
67457.0
247378.0
1189003.0
2658553.0
23632.0
135.0
313.0
1374395.0
10778.0
211341.0
89.0
297.0
46470.0
534.0
139855.0
81257.0
3970.0
1476.0
473399.0
125871.0
43830.0
49.0
230748.0
150768.0
461097.0
32656.0
48.0
165481.0
814397.0
4829012.0
637895.0
346368.0
153693.0
851.0
78.0
186.0
49470.0
32.0
297056.0
2448.0
101227.0
109.0
9668.0
957.0
139.0
23407.0
45671.0
2304.0
2500.0
15939.0
85.0
43368786.0
221451.0
2790403.0
645900.0
8632.0
93.0
2803.0
14563.0
8019.0
182681.0
124.0
601942.0
9853.0
112916.0
71.0
49.0
447.0
1064039.0
10130.0
23502.0
433383.0
183.0
702014.0
109030.0
927704.0
91693.0
115.0
58012.0
470.0
84000.0
111.0
1900.0
373.0
208474.0
80046.0
6565.0
1012498.0
96.0
125.0
5158.0
44536.0
942051.0
104947.0
25542.0
227588.0
847.0
38608.0
34978.0
1435.0
1412.0
18673.0
1040.0
12717.0
32020.0
533.0
24828.0
1278371.0
3635.0
49119.0
15789.0
175783.0
389.0
30992.0
368791.0
541736.0
240.0
640.0
3503466.0
147569.0
1619182.0
67157.0
11070.0
394.0
318478.0
255169.0
10066.0
74330.0
37993.0
549348.0
20610.0
643.0
1854606.0
116.0
194260.0
38.0
73257.0
366995.0
1741810.0
5416.0
337.0
29778.0
4320.0
6088.0
2212875.0
6246.0
269011.0
176774.0
165.0
3602.0
4531.0
1115.0
364127.0
261.0
199.0
1475.0
150.0
1787.0
30.0
343.0
5865628.0
296088.0
451.0
174285.0
91.0
241.0
1647.0
97373.0
1149932.0
3883.0
2152776.0
3101448.0
518.0
540.0
224.0
216.0
683600.0
57.0
5756.0
4163059.0
65700.0
92872.0
217813.0
53485.0
330.0
2586.0
490234.0
170.0
205.0
53610.0
227551.0
690.0
18952.0
340.0
486188.0
7369.0
643.0
7696.0
352798.0
456825.0
1405.0
5450.0
46648.0
234729.0
607.0
4300528.0
5558.0
555098.0
116528.0
3882.0
140458.0
1939.0
46099.0
5544.0
76949.0
194.0
146631.0
793822.0
641.0
2950008.0
5428.0
201.0
301706.0
430128.0
7733.0
48.0
32911.0
565255.0
73211.0
683.0
292173.0
459.0
233.0
39455.0
344293.0
961.0
6154.0
396689.0
189.0
105.0
3928056.0
1556.0
10446.0
372078.0
36144.0
84052.0
248868.0
84506.0
328014.0
628943.0
164800.0
16447.0
1222.0
111363.0
165673.0
657.0
